4
1
0 2
1 3
2
5

2 3 
1 3 
2 1 

10
1 
0 

4 5 6 
3 5 6 
3 4 6 
4 5 3 

9 
8 
15
2 3 6 1 
0 4 5 6 2 3 
0 1 4 5 
0 1 5 4 6 
1 2 3 5 6 
1 2 3 4 6 
0 1 5 3 4 
9 12 13 
10 12 13 
7 11 13 
8 
9 12 
7 8 11 13 
7 8 12 9 

20
1 2 5 6 7 3 4 8 
0 6 7 8 2 3 
0 1 6 3 7 8 
0 1 2 4 6 8 
3 0 5 6 8 
0 4 8 
0 1 2 3 4 7 8 
0 1 6 2 
1 3 5 6 0 2 4 
10 11 
9 11 
9 10 
13 16 15 
12 15 16 14 
13 15 16 
13 14 12 16 
12 13 14 15 



10
2 3 4 5 6 7 1 9 
0 2 4 5 6 7 9 
0 1 7 8 9 5 6 
0 7 4 8 
0 1 3 8 9 7 
0 1 2 6 9 7 
0 1 5 2 7 8 
0 2 3 6 1 4 5 8 9 
2 4 6 3 7 
2 4 5 0 1 7 
5
2 3 1 4 
0 3 4 
0 4 3 
0 1 2 4 
2 3 0 1 
15
2 7 12 14 3 9 10 
3 5 6 7 9 10 14 2 4 8 11 13 
0 1 3 6 7 10 12 5 8 
1 2 0 4 6 11 12 13 14 9 10 
3 1 5 6 7 8 9 13 10 11 14 
1 4 2 9 11 12 13 14 7 8 
1 2 3 4 7 8 9 10 12 13 
0 1 2 4 6 5 8 9 10 13 12 14 
4 6 7 1 2 5 10 11 12 14 9 
1 4 5 6 7 0 3 8 10 13 11 12 14 
1 2 6 7 8 9 0 3 4 14 
3 5 8 1 4 9 12 14 13 
0 2 3 5 8 11 6 7 9 14 
3 4 5 7 9 1 6 11 
0 1 3 5 8 11 4 7 9 10 12 
25
3 5 6 7 9 10 11 15 16 18 19 20 23 24 1 2 4 8 13 
0 4 5 6 7 8 9 11 14 15 18 21 22 24 3 10 12 16 
0 8 11 13 16 17 18 19 21 24 4 5 6 9 10 
0 1 5 8 9 10 11 15 17 18 22 23 12 13 14 16 19 20 
1 0 2 7 8 16 20 22 23 9 10 11 15 21 
0 1 3 2 7 8 9 10 11 13 15 17 20 21 24 6 14 16 18 
0 1 2 5 8 11 14 17 21 22 23 24 18 19 20 
0 1 4 5 8 10 12 13 14 15 16 24 9 18 20 22 23 
1 2 3 4 5 6 7 0 10 15 16 19 21 23 24 9 14 20 
0 1 3 5 2 4 7 8 10 13 14 15 19 20 21 23 11 18 22 
0 3 5 7 8 9 1 2 4 14 15 17 22 11 12 18 23 24 
0 1 2 3 5 6 4 9 10 13 14 15 17 20 21 24 12 16 19 22 
7 1 3 10 11 13 15 16 18 19 20 23 
2 5 7 9 11 12 0 3 14 17 19 20 22 23 24 15 16 18 21 
1 6 7 9 10 11 13 3 5 8 15 16 17 19 21 22 23 20 24 
0 1 3 5 7 8 9 10 11 12 14 4 13 16 17 18 20 23 22 24 
0 2 4 7 8 12 14 15 1 3 5 11 13 18 19 20 21 22 
2 3 5 6 10 11 13 14 15 19 20 22 18 24 
0 1 2 3 12 15 16 5 6 7 9 10 13 17 19 21 23 24 
0 2 8 9 12 13 14 16 17 18 3 6 11 20 21 22 23 
0 4 5 9 11 12 13 15 16 17 19 3 6 7 8 14 23 24 21 
1 2 5 6 8 9 11 14 16 19 4 13 18 20 22 23 24 
1 3 4 6 10 13 14 16 17 19 21 7 9 11 15 23 24 
0 3 4 6 8 9 13 14 15 19 20 21 7 10 12 18 22 
0 1 2 5 6 7 8 11 13 20 10 14 15 17 18 21 22 
0
