4
0 1 0 0                     Graph 1 is disconnected.
1 0 0 1
0 0 0 0
0 1 0 0
5
0 1 0 0 1                   Graph 2 has diameter 2..
1 0 1 0 0
0 1 0 1 0
0 0 1 0 1
1 0 0 1 0
5
0 0 0 0 0                   Graph 3 is disconnected.
0 0 1 1 0
0 1 0 1 0
0 1 1 0 0
0 0 0 0 0
10
0 1 0 0 0 0 0 0 0 0         Graph 4 is disconnected.
1 0 0 0 0 0 0 0 0 0
0 0 0 0 0 0 0 0 0 0
0 0 0 0 1 1 1 0 0 0
0 0 0 1 0 1 1 0 0 0
0 0 0 1 1 0 1 0 0 0
0 0 0 1 1 1 0 0 0 0
0 0 0 0 0 0 0 0 0 0
0 0 0 0 0 0 0 0 0 1
0 0 0 0 0 0 0 0 1 0
15
0 1 1 1 0 0 1 0 0 0 0 0 0 0 0       Graph 5 is disconnected.
1 0 1 1 1 1 1 0 0 0 0 0 0 0 0
1 1 0 0 1 1 0 0 0 0 0 0 0 0 0
1 1 0 0 1 1 1 0 0 0 0 0 0 0 0
0 1 1 1 0 1 1 0 0 0 0 0 0 0 0
0 1 1 1 1 0 1 0 0 0 0 0 0 0 0
1 1 0 1 1 1 0 0 0 0 0 0 0 0 0
0 0 0 0 0 0 0 0 0 1 0 0 1 1 0
0 0 0 0 0 0 0 0 0 0 1 0 1 1 0
0 0 0 0 0 0 0 1 0 0 0 1 0 1 0
0 0 0 0 0 0 0 0 1 0 0 0 0 0 0
0 0 0 0 0 0 0 0 0 1 0 0 1 0 0
0 0 0 0 0 0 0 1 1 0 0 1 0 1 0
0 0 0 0 0 0 0 1 1 1 0 0 1 0 0
0 0 0 0 0 0 0 0 0 0 0 0 0 0 0
20
0 1 1 1 1 1 1 1 1 0 0 0 0 0 0 0 0 0 0 0     Graph 6 is disconnected.
1 0 1 1 0 0 1 1 1 0 0 0 0 0 0 0 0 0 0 0
1 1 0 1 0 0 1 1 1 0 0 0 0 0 0 0 0 0 0 0
1 1 1 0 1 0 1 0 1 0 0 0 0 0 0 0 0 0 0 0
1 0 0 1 0 1 1 0 1 0 0 0 0 0 0 0 0 0 0 0
1 0 0 0 1 0 0 0 1 0 0 0 0 0 0 0 0 0 0 0
1 1 1 1 1 0 0 1 1 0 0 0 0 0 0 0 0 0 0 0
1 1 1 0 0 0 1 0 0 0 0 0 0 0 0 0 0 0 0 0
1 1 1 1 1 1 1 0 0 0 0 0 0 0 0 0 0 0 0 0
0 0 0 0 0 0 0 0 0 0 1 1 0 0 0 0 0 0 0 0
0 0 0 0 0 0 0 0 0 1 0 1 0 0 0 0 0 0 0 0
0 0 0 0 0 0 0 0 0 1 1 0 0 0 0 0 0 0 0 0
0 0 0 0 0 0 0 0 0 0 0 0 0 1 0 1 1 0 0 0
0 0 0 0 0 0 0 0 0 0 0 0 1 0 1 1 1 0 0 0
0 0 0 0 0 0 0 0 0 0 0 0 0 1 0 1 1 0 0 0
0 0 0 0 0 0 0 0 0 0 0 0 1 1 1 0 1 0 0 0
0 0 0 0 0 0 0 0 0 0 0 0 1 1 1 1 0 0 0 0
0 0 0 0 0 0 0 0 0 0 0 0 0 0 0 0 0 0 0 0
0 0 0 0 0 0 0 0 0 0 0 0 0 0 0 0 0 0 0 0
0 0 0 0 0 0 0 0 0 0 0 0 0 0 0 0 0 0 0 0
10
0 1 1 1 1 1 1 1 0 1                             Graph 7 has diameter 2.
1 0 1 0 1 1 1 1 0 1
1 1 0 0 0 1 1 1 1 1
1 0 0 0 1 0 0 1 1 0
1 1 0 1 0 0 0 1 1 1
1 1 1 0 0 0 1 1 0 1
1 1 1 0 0 1 0 1 1 0
1 1 1 1 1 1 1 0 1 1
0 0 1 1 1 0 1 1 0 0
1 1 1 0 1 1 0 1 0 0
5
0 1 1 1 1                               Graph 8 has diameter 2.
1 0 0 1 1
1 0 0 1 1
1 1 1 0 1
1 1 1 1 0
15
0 0 1 1 0 0 0 1 0 1 1 0 1 0 1               Graph 9 has diameter 2.
0 0 1 1 1 1 1 1 1 1 1 1 0 1 1
1 1 0 1 0 1 1 1 1 0 1 0 1 0 0
1 1 1 0 1 0 1 0 0 1 1 1 1 1 1
0 1 0 1 0 1 1 1 1 1 1 1 0 1 1
0 1 1 0 1 0 0 1 1 1 0 1 1 1 1
0 1 1 1 1 0 0 1 1 1 1 0 1 1 0
1 1 1 0 1 1 1 0 1 1 1 0 1 1 1
0 1 1 0 1 1 1 1 0 1 1 1 1 0 1
1 1 0 1 1 1 1 1 1 0 1 1 1 1 1
1 1 1 1 1 0 1 1 1 1 0 0 0 0 1
0 1 0 1 1 1 0 0 1 1 0 0 1 1 1
1 0 1 1 0 1 1 1 1 1 0 1 0 0 1
0 1 0 1 1 1 1 1 0 1 0 1 0 0 0
1 1 0 1 1 1 0 1 1 1 1 1 1 0 0
25
0 1 1 1 1 1 1 1 1 1 1 1 0 1 0 1 1 0 1 1 1 0 0 1 1       Graph 10 has diameter 2.
1 0 0 1 1 1 1 1 1 1 1 1 1 0 1 1 1 0 1 0 0 1 1 0 1
1 0 0 0 1 1 1 0 1 1 1 1 0 1 0 0 1 1 1 1 0 1 0 0 1
1 1 0 0 0 1 0 0 1 1 1 1 1 1 1 1 1 1 1 1 1 0 1 1 0
1 1 1 0 0 0 0 1 1 1 1 1 0 0 0 1 1 0 0 0 1 1 1 1 0
1 1 1 1 0 0 1 1 1 1 1 1 0 1 1 1 1 1 1 0 1 1 0 0 1
1 1 1 0 0 1 0 0 1 0 0 1 0 0 1 0 0 1 1 1 1 1 1 1 1
1 1 0 0 1 1 0 0 1 1 1 0 1 1 1 1 1 0 1 0 1 0 1 1 1
1 1 1 1 1 1 1 1 0 1 1 0 0 0 1 1 1 0 0 1 1 1 0 1 1
1 1 1 1 1 1 0 1 1 0 1 1 0 1 1 1 0 0 1 1 1 1 1 1 0
1 1 1 1 1 1 0 1 1 1 0 1 1 0 1 1 0 1 1 0 0 0 1 1 1
1 1 1 1 1 1 1 0 0 1 1 0 1 1 1 1 1 1 0 1 1 1 1 0 1
0 1 0 1 0 0 0 1 0 0 1 1 0 1 0 1 1 0 1 1 1 0 0 1 0
1 0 1 1 0 1 0 1 0 1 0 1 1 0 1 1 1 1 1 1 1 1 1 1 1
0 1 0 1 0 1 1 1 1 1 1 1 0 1 0 1 1 1 0 1 1 1 1 1 1
1 1 0 1 1 1 0 1 1 1 1 1 1 1 1 0 1 1 1 0 1 0 1 1 1
1 1 1 1 1 1 0 1 1 0 0 1 1 1 1 1 0 0 1 1 1 1 1 0 0
0 0 1 1 0 1 1 0 0 0 1 1 0 1 1 1 0 0 1 1 1 0 1 0 1
1 1 1 1 0 1 1 1 0 1 1 0 1 1 0 1 1 1 0 1 0 1 0 1 1
1 0 1 1 0 0 1 0 1 1 0 1 1 1 1 0 1 1 1 0 1 1 1 1 0
1 0 0 1 1 1 1 1 1 1 0 1 1 1 1 1 1 1 0 1 0 1 0 1 1
0 1 1 0 1 1 1 0 1 1 0 1 0 1 1 0 1 0 1 1 1 0 1 1 1
0 1 0 1 1 0 1 1 0 1 1 1 0 1 1 1 1 1 0 1 0 1 0 1 1
1 0 0 1 1 0 1 1 1 1 1 0 1 1 1 1 0 0 1 1 1 1 1 0 0
1 1 1 0 0 1 1 1 1 0 1 1 0 1 1 1 0 1 1 0 1 1 1 0 0
0
